Symbol Frequency	Code-length	Code	Cost	Total_cost	Total_Bits
CGT  194027   5   00000    5  970135   970135
ACC  200661   5   00001    7  1404627   1003305
GGT  201069   5   00010    7  1407483   1005345
GAC  202570   5   00011    9  1823130   1012850
GTC  205425   5   00100    7  1437975   1027125
TCT  49524   7   0010100    11  544764   346668
AAG  53351   7   0010101    13  693563   373457
ATC  104551   6   001011    12  1254612   627306
CGG  432906   4   0011    8  3463248   1731624
CCG  434322   4   0100    6  2605932   1737288
GCG  447132   4   0101    8  3577056   1788528
CGC  447574   4   0110    8  3580592   1790296
GAT  104918   6   011100    12  1259016   629508
CTT  56590   7   0111010    15  848850   396130
CAT  57625   7   0111011    17  979625   403375
ATG  58162   7   0111100    15  872430   407134
ACA  60973   7   0111101    17  1036541   426811
TGT  61390   7   0111110    17  1043630   429730
AAA  13090   9   011111100    21  274890   117810
TTT  13281   9   011111101    23  305463   119529
TAA  3868   11   01111111000    25  96700   42548
TTA  4085   11   01111111001    27  110295   44935
ATA  4552   11   01111111010    27  122904   50072
TAT  4637   11   01111111011    29  134473   51007
ATT  9942   10   0111111110    26  258492   99420
AAT  10027   10   0111111111    28  280756   100270
CCT  129047   6   100000    8  1032376   774282
AGG  129112   6   100001    10  1291120   774672
CGA  270322   5   10001    9  2432898   1351610
TCG  270632   5   10010    9  2435688   1353160
GAG  146085   6   100110    12  1753020   876510
GGA  146307   6   100111    14  2048298   877842
TGG  148041   6   101000    10  1480410   888246
CTC  148505   6   101001    12  1782060   891030
TCC  149142   6   101010    12  1789704   894852
CCA  153168   6   101011    14  2144352   919008
AAC  77124   7   1011000    13  1002612   539868
GTT  77129   7   1011001    15  1156935   539903
TGA  79212   7   1011010    15  1188180   554484
TCA  79520   7   1011011    17  1351840   556640
TGC  166901   6   101110    14  2336614   1001406
GCA  167201   6   101111    16  2675216   1003206
CTG  169521   6   110000    10  1695210   1017126
GCT  169532   6   110001    12  2034384   1017192
AGC  173441   6   110010    12  2081292   1040646
TAC  41623   8   11001100    16  665968   332984
GTA  43480   8   11001101    18  782640   347840
CTA  20959   9   110011100    19  398221   188631
TAG  22948   9   110011101    21  481908   206532
CAA  45899   8   11001111    20  917980   367192
CAG  176806   6   110100    12  2121672   1060836
GTG  178622   6   110101    14  2500708   1071732
CAC  180532   6   110110    14  2527448   1083192
TTC  90337   7   1101110    17  1535729   632359
GAA  90735   7   1101111    19  1723965   635145
GGC  362683   5   11100    11  3989513   1813415
GCC  366733   5   11101    13  4767529   1833665
GGG  190659   6   111100    14  2669226   1143954
ACG  192743   6   111101    16  3083888   1156458
CCC  193180   6   111110    16  3090880   1159080
ACT  47472   8   11111100    20  949440   379776
AGT  48170   8   11111101    22  1059740   385360
AGA  48467   8   11111110    22  1066274   387736
TTG  49239   8   11111111    24  1181736   393912
Total Cost=99613856  Total No of Bits=48183688