Symbol Frequency	Code-length	Code	Cost	Total_cost	Total_Bits
TTT  267609   4   0000    4  1070436   1070436
AAA  271585   4   0001    6  1629510   1086340
GGA  69458   6   001000    8  555664   416748
AGC  70460   6   001001    10  704600   422760
CCA  71329   6   001010    10  713290   427974
GCT  71603   6   001011    12  859236   429618
GAA  144832   5   00110    9  1303488   724160
TCC  71997   6   001110    12  863964   431982
TAG  73418   6   001111    14  1027852   440508
TTC  148256   5   01000    7  1037792   741280
GCG  36342   7   0100100    11  399762   254394
GAC  37094   7   0100101    13  482222   259658
GTC  37687   7   0100110    13  489931   263809
CGC  38017   7   0100111    15  570255   266119
GCA  76265   6   010100    10  762650   457590
TGC  76864   6   010101    12  922368   461184
CTA  76963   6   010110    12  923556   461778
AGT  82984   6   010111    14  1161776   497904
TAT  173533   5   01100    9  1561797   867665
TTA  173905   5   01101    11  1912955   869525
ATA  176508   5   01110    11  1941588   882540
TAA  177317   5   01111    13  2305121   886585
ACT  86184   6   100000    8  689472   517104
GAT  99471   6   100001    10  994710   596826
GTA  100876   6   100010    10  1008760   605256
ATC  103222   6   100011    12  1238664   619332
TAC  103984   6   100100    10  1039840   623904
TGT  104052   6   100101    12  1248624   624312
ATT  208085   5   10011    11  2288935   1040425
TGA  104184   6   101000    10  1041840   625104
GAG  51435   7   1010010    13  668655   360045
GGT  53181   7   1010011    15  797715   372267
AGA  105029   6   101010    12  1260348   630174
GTT  106397   6   101011    14  1489558   638382
AAT  212284   5   10110    11  2335124   1061420
GTG  53510   7   1011100    15  802650   374570
AGG  53854   7   1011101    17  915518   376978
TCA  107448   6   101111    16  1719168   644688
ACA  107747   6   110000    10  1077470   646482
CGA  54161   7   1100010    13  704093   379127
CTC  54798   7   1100011    15  821970   383586
TCT  109510   6   110010    12  1314120   657060
AAC  110789   6   110011    14  1551046   664734
TCG  55008   7   1101000    13  715104   385056
ACC  56164   7   1101001    15  842460   393148
CAC  56556   7   1101010    15  848340   395892
CCT  56676   7   1101011    17  963492   396732
ATG  115308   6   110110    14  1614312   691848
CGT  58253   7   1101110    17  990301   407771
ACG  58328   7   1101111    19  1108232   408296
CAT  117834   6   111000    12  1414008   707004
CAG  59529   7   1110010    15  892935   416703
GGC  30223   8   11100110    18  544014   241784
CGG  30757   8   11100111    20  615140   246056
TTG  123058   6   111010    14  1722812   738348
CTG  61475   7   1110110    17  1045075   430325
GGG  30771   8   11101110    20  615420   246168
GCC  31354   8   11101111    22  689788   250832
AAG  127946   6   111100    14  1791244   767676
CAA  128870   6   111101    16  2061920   773220
CTT  130737   6   111110    16  2091792   784422
CCG  31510   8   11111100    20  630200   252080
CCC  32954   8   11111101    22  724988   263632
TGG  68251   7   1111111    21  1433271   477757
Total Cost=71562941  Total No of Bits=34737083