Symbol Frequency	Code-length	Code	Cost	Total_cost	Total_Bits
ACA  66531   6   000000    6  399186   399186
ATT  35178   7   0000010    9  316602   246246
TAT  19190   8   00000110    12  230280   153520
ATA  19266   8   00000111    14  269724   154128
ACG  141235   5   00001    7  988645   706175
CGT  141905   5   00010    7  993335   709525
TTG  73683   6   000110    10  736830   442098
CAA  73911   6   000111    12  886932   443466
GAC  147656   5   00100    7  1033592   738280
GTC  148431   5   00101    9  1335879   742155
AAC  74488   6   001100    10  744880   446928
GTT  75112   6   001101    12  901344   450672
ATG  77038   6   001110    12  924456   462228
CAT  77177   6   001111    14  1080478   463062
CCT  80213   6   010000    8  641704   481278
AGG  81524   6   010001    10  815240   489144
TAC  40727   7   0100100    11  447997   285089
GTA  41033   7   0100101    13  533429   287231
TGA  83181   6   010011    12  998172   499086
TCA  83466   6   010100    10  834660   500796
GAA  84224   6   010101    12  1010688   505344
TTC  84809   6   010110    12  1017708   508854
TCC  87375   6   010111    14  1223250   524250
GGA  87968   6   011000    10  879680   527808
CTC  94018   6   011001    12  1128216   564108
GAG  94694   6   011010    12  1136328   568164
TTA  10294   9   011011000    17  174998   92646
TAA  10376   9   011011001    19  197144   93384
CTA  24505   8   01101101    18  441090   196040
ACT  49885   7   0110111    17  848045   349195
AGT  50564   7   0111000    13  657332   353948
TCT  52450   7   0111001    15  786750   367150
CCC  104963   6   011101    14  1469482   629778
AGA  52768   7   0111100    15  791520   369376
TAG  24805   8   01111010    18  446490   198440
AAA  28508   8   01111011    20  570160   228064
GGG  106418   6   011111    16  1702688   638508
CGA  214804   5   10000    7  1503628   1074020
TCG  216007   5   10001    9  1944063   1080035
GCC  219504   5   10010    9  1975536   1097520
GGC  219861   5   10011    11  2418471   1099305
ATC  112040   6   101000    10  1120400   672240
GAT  112147   6   101001    12  1345764   672882
CCA  114221   6   101010    12  1370652   685326
TGG  114378   6   101011    14  1601292   686268
AGC  117036   6   101100    12  1404432   702216
CTT  58496   7   1011010    15  877440   409472
AAG  59015   7   1011011    17  1003255   413105
CCG  240551   5   10111    13  3127163   1202755
GCT  117708   6   110000    10  1177080   706248
CAC  122887   6   110001    12  1474644   737322
CGG  241487   5   11001    11  2656357   1207435
CTG  123237   6   110100    12  1478844   739422
CAG  123378   6   110101    14  1727292   740268
GTG  123848   6   110110    14  1733872   743088
ACC  128107   6   110111    16  2049712   768642
GGT  129560   6   111000    12  1554720   777360
TTT  28793   8   11100100    16  460688   230344
AAT  35008   8   11100101    18  630144   280064
TGT  66395   7   1110011    17  1128715   464765
CGC  264743   5   11101    13  3441659   1323715
GCG  265146   5   11110    13  3446898   1325730
GCA  133135   6   111110    16  2130160   798810
TGC  133852   6   111111    18  2409336   803112
Total Cost=76787151  Total No of Bits=37256819