Symbol Frequency	Code-length	Code	Cost	Total_cost	Total_Bits
CAC  155134   5   00000    5  775670   775670
GTG  155405   5   00001    7  1087835   777025
GGT  158512   5   00010    7  1109584   792560
ACC  159601   5   00011    9  1436409   798005
AAC  78965   6   001000    8  631720   473790
AAA  20026   8   00100100    12  240312   160208
AAT  20701   8   00100101    14  289814   165608
GTA  41045   7   0010011    13  533585   287315
ACG  162509   5   00101    9  1462581   812545
CGT  162612   5   00110    9  1463508   813060
GTC  163019   5   00111    11  1793209   815095
GAC  163188   5   01000    7  1142316   815940
GAA  83596   6   010010    10  835960   501576
TTC  83711   6   010011    12  1004532   502266
TGA  83815   6   010100    10  838150   502890
TCA  84179   6   010101    12  1010148   505074
TAC  42230   7   0101100    13  548990   295610
ATT  20764   8   01011010    16  332224   166112
TAA  5476   10   0101101100    20  109520   54760
TTA  5698   10   0101101101    22  125356   56980
ATA  11626   9   010110111    21  244146   104634
AGG  93537   6   010111    14  1309518   561222
CCT  93945   6   011000    10  939450   563670
AGT  47651   7   0110010    13  619463   333557
ACT  48115   7   0110011    15  721725   336805
TCC  97260   6   011010    12  1167120   583560
CTT  48167   7   0110110    15  722505   337169
AAG  49240   7   0110111    17  837080   344680
GGA  97702   6   011100    12  1172424   586212
GAG  109757   6   011101    14  1536598   658542
CTC  109896   6   011110    14  1538544   659376
AGC  110969   6   011111    16  1775504   665814
TCT  55598   7   1000000    9  500382   389186
AGA  55717   7   1000001    11  612887   390019
GCT  112338   6   100001    10  1123380   674028
GAT  116694   6   100010    10  1166940   700164
ATC  117125   6   100011    12  1405500   702750
CGA  236001   5   10010    9  2124009   1180005
TCG  236714   5   10011    11  2603854   1183570
TTG  57338   7   1010000    11  630718   401366
CAA  59833   7   1010001    13  777829   418831
CCA  124094   6   101001    12  1489128   744564
GCC  248311   5   10101    11  2731421   1241555
GGC  248933   5   10110    11  2738263   1244665
TGG  124561   6   101110    14  1743854   747366
GGG  127952   6   101111    16  2047232   767712
CCC  129479   6   110000    10  1294790   776874
CAG  130680   6   110001    12  1568160   784080
CTG  132548   6   110010    12  1590576   795288
TGT  68510   7   1100110    15  1027650   479570
ACA  69292   7   1100111    17  1177964   485044
GCA  142657   6   110100    12  1711884   855942
TGC  142711   6   110101    14  1997954   856266
CGG  287049   5   11011    13  3731637   1435245
CCG  287132   5   11100    11  3158452   1435660
TAT  11851   9   111010000    17  201467   106659
TAG  18197   9   111010001    19  345743   163773
CTA  19385   9   111010010    19  368315   174465
TTT  19973   9   111010011    21  419433   179757
ATG  74306   7   1110101    17  1263202   520142
CAT  74575   7   1110110    17  1267775   522025
GTT  77816   7   1110111    19  1478504   544712
GCG  306076   5   11110    13  3978988   1530380
CGC  306769   5   11111    15  4601535   1533845
Total Cost=82234926  Total No of Bits=39772838