Symbol Frequency	Code-length	Code	Cost	Total_cost	Total_Bits
ACC  132459   5   00000    5  662295   662295
GGT  133575   5   00001    7  935025   667875
GTT  71371   6   000100    8  570968   428226
AAC  71771   6   000101    10  717710   430626
CGT  144012   5   00011    9  1296108   720060
ACG  144776   5   00100    7  1013432   723880
CAT  75348   6   001010    10  753480   452088
ATG  75464   6   001011    12  905568   452784
GTC  154693   5   00110    9  1392237   773465
GAC  155807   5   00111    11  1713877   779035
TAT  17296   8   01000000    10  172960   138368
CTA  21919   8   01000001    12  263028   175352
TAC  40794   7   0100001    11  448734   285558
TCA  81866   6   010001    10  818660   491196
TGA  82465   6   010010    10  824650   494790
CCT  82706   6   010011    12  992472   496236
AGG  82772   6   010100    10  827720   496632
TTC  85297   6   010101    12  1023564   511782
GAA  85813   6   010110    12  1029756   514878
GTA  41179   7   0101110    15  617685   288253
TAG  22233   8   01011110    18  400194   177864
AAA  23569   8   01011111    20  471380   188552
TCC  94841   6   011000    10  948410   569046
GGA  95796   6   011001    12  1149552   574776
AGT  50132   7   0110100    13  651716   350924
ACT  50159   7   0110101    15  752385   351113
CTC  100892   6   011011    14  1412488   605352
GGC  208894   5   01110    11  2297834   1044470
GCC  209008   5   01111    13  2717104   1045040
GAG  101145   6   100000    8  809160   606870
TTT  23577   8   10000100    12  282924   188616
AAT  29804   8   10000101    14  417256   238432
CTT  54597   7   1000011    13  709761   382179
CCC  109170   6   100010    10  1091700   655020
GGG  109340   6   100011    12  1312080   656040
CCA  109432   6   100100    10  1094320   656592
AGC  109760   6   100101    12  1317120   658560
AAG  54672   7   1001100    13  710736   382704
TCT  55175   7   1001101    15  827625   386225
GCT  109998   6   100111    14  1539972   659988
TCG  223479   5   10100    9  2011311   1117395
CGA  223734   5   10101    11  2461074   1118670
TGG  110841   6   101100    12  1330092   665046
ATC  114479   6   101101    14  1602706   686874
GAT  114661   6   101110    14  1605254   687966
AGA  55431   7   1011110    17  942327   388017
ATT  29940   8   10111110    20  598800   239520
TTA  7736   10   1011111100    24  185664   77360
TAA  7737   10   1011111101    26  201162   77370
ATA  17226   9   101111111    25  430650   155034
CAG  120045   6   110000    10  1200450   720270
CTG  120631   6   110001    12  1447572   723786
CCG  244170   5   11001    11  2685870   1220850
CGG  244652   5   11010    11  2691172   1223260
CAC  123325   6   110110    14  1726550   739950
GTG  125444   6   110111    16  2007104   752664
CAA  62697   7   1110000    13  815061   438879
TTG  62875   7   1110001    15  943125   440125
GCA  125814   6   111001    14  1761396   754884
TGC  126139   6   111010    14  1765946   756834
ACA  64303   7   1110110    17  1093151   450121
TGT  64969   7   1110111    19  1234411   454783
GCG  260902   5   11110    13  3391726   1304510
CGC  260929   5   11111    15  3913935   1304645
Total Cost=75940155  Total No of Bits=36860555