Symbol Frequency	Code-length	Code	Cost	Total_cost	Total_Bits
GAC  202668   5   00000    5  1013340   1013340
GTC  204330   5   00001    7  1430310   1021650
GCG  428340   4   0001    6  2570040   1713360
CGC  430635   4   0010    6  2583810   1722540
GTA  46002   7   0011000    11  506022   322014
TTT  26351   8   00110010    14  368914   210808
AAA  26491   8   00110011    16  423856   211928
CAA  54500   7   0011010    13  708500   381500
AGT  55918   7   0011011    15  838770   391426
ACT  55996   7   0011100    13  727948   391972
TTG  57069   7   0011101    15  856035   399483
ATC  113210   6   001111    14  1584940   679260
CGG  436242   4   0100    6  2617452   1744968
CCG  439343   4   0101    8  3514744   1757372
GAT  113502   6   011000    10  1135020   681012
AGG  114633   6   011001    12  1375596   687798
GAA  115850   6   011010    12  1390200   695100
TTC  116160   6   011011    14  1626240   696960
CCT  116195   6   011100    12  1394340   697170
AGA  58587   7   0111010    15  878805   410109
TCT  59459   7   0111011    17  1010803   416213
ACA  59914   7   0111100    15  898710   419398
CAT  60484   7   0111101    17  1028228   423388
ATG  60814   7   0111110    17  1033838   425698
TGT  61440   7   0111111    19  1167360   430080
TGG  137791   6   100000    8  1102328   826746
CCA  138169   6   100001    10  1381690   829014
CGA  278989   5   10001    9  2510901   1394945
TCG  279093   5   10010    9  2511837   1395465
GAG  140764   6   100110    12  1689168   844584
AAG  69702   7   1001110    15  1045530   487914
CTT  72485   7   1001111    17  1232245   507395
CTC  142240   6   101000    10  1422400   853440
TTA  6033   10   1010010000    16  96528   60330
TAA  6196   10   1010010001    18  111528   61960
TAT  8997   10   1010010010    18  161946   89970
ATA  9104   10   1010010011    20  182080   91040
CTA  21238   9   101001010    17  361046   191142
TAG  22450   9   101001011    19  426550   202050
TGA  78054   7   1010011    15  1170810   546378
CAC  155463   6   101010    12  1865556   932778
GTG  156032   6   101011    14  2184448   936192
GGA  157154   6   101100    12  1885848   942924
TCC  159101   6   101101    14  2227414   954606
TCA  78287   7   1011100    15  1174305   548009
AAC  84043   7   1011101    17  1428731   588301
GGG  165616   6   101111    16  2649856   993696
GCA  168889   6   110000    10  1688890   1013334
CCC  169367   6   110001    12  2032404   1016202
GGC  342832   5   11001    11  3771152   1714160
TGC  170477   6   110100    12  2045724   1022862
CTG  173847   6   110101    14  2433858   1043082
GCC  347144   5   11011    13  4512872   1735720
GTT  84121   7   1110000    13  1093573   588847
TAC  44734   8   11100010    16  715744   357872
ATT  22656   9   111000110    19  430464   203904
AAT  22801   9   111000111    21  478821   205209
CAG  174812   6   111001    14  2447368   1048872
GCT  178161   6   111010    14  2494254   1068966
AGC  178590   6   111011    16  2857440   1071540
ACG  183536   6   111100    14  2569504   1101216
CGT  184446   6   111101    16  2951136   1106676
ACC  187462   6   111110    16  2999392   1124772
GGT  188680   6   111111    18  3396240   1132080
Total Cost=100425402  Total No of Bits=48778740