Symbol Frequency	Code-length	Code	Cost	Total_cost	Total_Bits
CGC  390780   4   0000    4  1563120   1563120
ATC  95975   6   000100    8  767800   575850
CAA  49237   7   0001010    11  541607   344659
ACT  54468   7   0001011    13  708084   381276
ACG  206593   5   00011    9  1859337   1032965
CGT  208495   5   00100    7  1459465   1042475
GAC  221511   5   00101    9  1993599   1107555
CGG  434530   4   0011    8  3476240   1738120
CCG  437383   4   0100    6  2624298   1749532
GTC  223149   5   01010    9  2008341   1115745
AGT  54531   7   0101100    13  708903   381717
GTA  58570   7   0101101    15  878550   409990
TAC  59016   7   0101110    15  885240   413112
CTT  65027   7   0101111    17  1105459   455189
CCC  255767   5   01100    9  2301903   1278835
GGG  256729   5   01101    11  2824019   1283645
CGA  257289   5   01110    11  2830179   1286445
TCG  259307   5   01111    13  3370991   1296535
AGA  65535   7   1000000    9  589815   458745
TCT  65563   7   1000001    11  721193   458941
GTT  65757   7   1000010    11  723327   460299
TGT  65815   7   1000011    13  855595   460705
ACA  66024   7   1000100    11  726264   462168
AAG  66994   7   1000101    13  870922   468958
AAC  67117   7   1000110    13  872521   469819
TTT  11852   9   100011100    17  201484   106668
ATA  8390   10   1000111010    20  167800   83900
TTA  4242   11   10001110110    23  97566   46662
TAA  4287   11   10001110111    25  107175   47157
TAT  8636   10   1000111100    20  172720   86360
ATT  9843   10   1000111101    22  216546   98430
TAG  20823   9   100011111    21  437283   187407
ATG  69498   7   1001000    11  764478   486486
CAT  70556   7   1001001    13  917228   493892
AGC  148913   6   100101    12  1786956   893478
GCA  149026   6   100110    12  1788312   894156
TGC  149200   6   100111    14  2088800   895200
GCT  150692   6   101000    10  1506920   904152
CCA  154617   6   101001    12  1855404   927702
TGG  155020   6   101010    12  1860240   930120
CCT  161383   6   101011    14  2259362   968298
AGG  162397   6   101100    12  1948764   974382
CAG  164281   6   101101    14  2299934   985686
CTG  166875   6   101110    14  2336250   1001250
CAC  171938   6   101111    16  2751008   1031628
TGA  85966   7   1100000    11  945626   601762
TCA  86345   7   1100001    13  1122485   604415
GTG  173616   6   110001    12  2083392   1041696
TCC  176927   6   110010    12  2123124   1061562
GGA  177100   6   110011    14  2479400   1062600
CTC  178645   6   110100    12  2143740   1071870
GAG  179278   6   110101    14  2509892   1075668
CTA  21559   9   110110000    17  366503   194031
AAT  9982   10   1101100010    20  199640   99820
AAA  11769   10   1101100011    22  258918   117690
TTG  46012   8   11011001    18  828216   368096
TTC  90373   7   1101101    17  1536341   632611
GAA  90569   7   1101110    17  1539673   633983
GAT  94532   7   1101111    19  1796108   661724
GGC  382596   5   11100    11  4208556   1912980
GCC  383959   5   11101    13  4991467   1919795
GGT  192251   6   111100    14  2691514   1153506
ACC  192497   6   111101    16  3079952   1154982
GCG  387812   5   11111    15  5817180   1939060
Total Cost=103552729  Total No of Bits=50047265