Symbol Frequency	Code-length	Code	Cost	Total_cost	Total_Bits
ATA  1633281   5   00000    5  8166405   8166405
TTA  1644549   5   00001    7  11511843   8222745
TAA  1645457   5   00010    7  11518199   8227285
TCT  1661040   5   00011    9  14949360   8305200
AGA  1662014   5   00100    7  11634098   8310070
ACC  830604   6   001010    10  8306040   4983624
GGT  835213   6   001011    12  10022556   5011278
GTA  865652   6   001100    10  8656520   5193912
TAC  865674   6   001101    12  10388088   5194044
CCC  891066   6   001110    12  10692792   5346396
GGG  893017   6   001111    14  12502238   5358102
CTA  974255   6   010000    8  7794040   5845530
TAG  977142   6   010001    10  9771420   5862852
ATT  1963864   5   01001    9  17674776   9819320
AAT  1963896   5   01010    9  17675064   9819480
AGC  1005360   6   010110    12  12064320   6032160
ATC  1005868   6   010111    14  14082152   6035208
GCT  1007026   6   011000    10  10070260   6042156
GAT  1008228   6   011001    12  12098736   6049368
GCA  1058065   6   011010    12  12696780   6348390
TGC  1059091   6   011011    14  14827274   6354546
CAC  1093399   6   011100    12  13120788   6560394
GTG  1103196   6   011101    14  15444744   6619176
AAC  1111700   6   011110    14  15563800   6670200
GGA  1112638   6   011111    16  17802208   6675828
TCC  1113355   6   100000    8  8906840   6680130
GTT  1114775   6   100001    10  11147750   6688650
CTC  1198646   6   100010    10  11986460   7191876
GAG  1199210   6   100011    12  14390520   7195260
ACT  1209474   6   100100    10  12094740   7256844
AGT  1211238   6   100101    12  14534856   7267428
AGG  1257968   6   100110    12  15095616   7547808
CCT  1261404   6   100111    14  17659656   7568424
CCA  1306864   6   101000    10  13068640   7841184
CGA  154071   9   101001000    15  2311065   1386639
TCG  155424   9   101001001    17  2642208   1398816
CGC  156634   9   101001010    17  2662778   1409706
GCG  157373   9   101001011    19  2990087   1416357
GAC  691417   7   1010011    15  10371255   4839919
TGG  1315291   6   101010    12  15783492   7891746
ATG  1409550   6   101011    14  19733700   8457300
CAT  1410975   6   101100    12  16931700   8465850
GTC  693266   7   1011010    15  10398990   4852862
CCG  180829   9   101101100    19  3435751   1627461
CGG  181108   9   101101101    21  3803268   1629972
ACG  183587   9   101101110    21  3855327   1652283
CGT  185400   9   101101111    23  4264200   1668600
CAA  1428039   6   101110    14  19992546   8568234
TTG  1438016   6   101111    16  23008256   8628096
CAG  1449888   6   110000    10  14498880   8699328
CTG  1451231   6   110001    12  17414772   8707386
TCA  1478847   6   110010    12  17746164   8873082
TGA  1482572   6   110011    14  20756008   8895432
TTT  2967326   5   11010    11  32640586   14836630
AAA  2967920   5   11011    13  38582960   14839600
AAG  1510340   6   111000    12  18124080   9062040
TTC  1510886   6   111001    14  21152404   9065316
GAA  1512440   6   111010    14  21174160   9074640
CTT  1514812   6   111011    16  24236992   9088872
ACA  1538525   6   111100    14  21539350   9231150
TGT  1545039   6   111101    16  24720624   9270234
GCC  805137   7   1111100    17  13687329   5635959
GGC  806516   7   1111101    19  15323804   5645612
TAT  1629464   6   111111    18  29330352   9776784
Total Cost=901032667  Total No of Bits=436887179