Symbol Frequency	Code-length	Code	Cost	Total_cost	Total_Bits
CAC  157141   5   00000    5  785705   785705
GTG  157155   5   00001    7  1100085   785775
GGT  160708   5   00010    7  1124956   803540
ACC  161662   5   00011    9  1454958   808310
CGT  164444   5   00100    7  1151108   822220
AAC  80249   6   001010    10  802490   481494
GTA  41958   7   0010110    13  545454   293706
AAA  20806   8   00101110    16  332896   166448
AAT  21601   8   00101111    18  388818   172808
ACG  164681   5   00110    9  1482129   823405
GTC  165035   5   00111    11  1815385   825175
GAC  165778   5   01000    7  1160446   828890
GAA  84932   6   010010    10  849320   509592
TGA  85030   6   010011    12  1020360   510180
TTC  85119   6   010100    10  851190   510714
TCA  86001   6   010101    12  1032012   516006
TAC  43170   7   0101100    13  561210   302190
ATT  21763   8   01011010    16  348208   174104
TAA  5825   10   0101101100    20  116500   58250
TTA  6090   10   0101101101    22  133980   60900
ATA  12161   9   010110111    21  255381   109449
AGG  94399   6   010111    14  1321586   566394
CCT  95098   6   011000    10  950980   570588
AGT  48484   7   0110010    13  630292   339388
CTT  49125   7   0110011    15  736875   343875
TCC  98872   6   011010    12  1186464   593232
GGA  99205   6   011011    14  1388870   595230
ACT  49450   7   0111000    13  642850   346150
AAG  50004   7   0111001    15  750060   350028
GAG  110846   6   011101    14  1551844   665076
CTC  111730   6   011110    14  1564220   670380
AGC  112426   6   011111    16  1798816   674556
TCT  56434   7   1000000    9  507906   395038
AGA  56561   7   1000001    11  622171   395927
GCT  114171   6   100001    10  1141710   685026
GAT  118509   6   100010    10  1185090   711054
ATC  119422   6   100011    12  1433064   716532
CGA  239269   5   10010    9  2153421   1196345
TCG  239999   5   10011    11  2639989   1199995
TTG  58681   7   1010000    11  645491   410767
CAA  61097   7   1010001    13  794261   427679
CCA  125827   6   101001    12  1509924   754962
GCC  250355   5   10101    11  2753905   1251775
GGC  251636   5   10110    11  2767996   1258180
TGG  126656   6   101110    14  1773184   759936
GGG  129770   6   101111    16  2076320   778620
CCC  130979   6   110000    10  1309790   785874
CAG  132344   6   110001    12  1588128   794064
CTG  134321   6   110010    12  1611852   805926
TGT  69514   7   1100110    15  1042710   486598
ACA  70545   7   1100111    17  1199265   493815
GCA  144724   6   110100    12  1736688   868344
TGC  144752   6   110101    14  2026528   868512
CCG  289963   5   11011    13  3769519   1449815
CGG  290494   5   11100    11  3195434   1452470
TAT  12516   9   111010000    17  212772   112644
TAG  18675   9   111010001    19  354825   168075
CTA  19977   9   111010010    19  379563   179793
TTT  20804   9   111010011    21  436884   187236
ATG  75795   7   1110101    17  1288515   530565
CAT  76515   7   1110110    17  1300755   535605
GTT  79002   7   1110111    19  1501038   553014
GCG  309077   5   11110    13  4018001   1545385
CGC  309513   5   11111    15  4642695   1547565
Total Cost=83454842  Total No of Bits=40370894