Symbol Frequency	Code-length	Code	Cost	Total_cost	Total_Bits
CGC  296874   4   0000    4  1187496   1187496
GCA  149664   5   00010    7  1047648   748320
AAG  75073   6   000110    10  750730   450438
AAA  34193   7   0001110    13  444509   239351
TTA  9868   9   000111100    17  167756   88812
TAA  9905   9   000111101    19  188195   89145
TAT  21564   8   00011111    18  388152   172512
AGC  150619   5   00100    7  1054333   753095
CTT  76071   6   001010    10  760710   456426
AAC  76275   6   001011    12  915300   457650
ATG  77079   6   001100    10  770790   462474
CAT  79448   6   001101    12  953376   476688
CTG  175475   5   00111    11  1930225   877375
CAG  180147   5   01000    7  1261029   900735
GTA  44600   7   0100100    11  490600   312200
TAC  45274   7   0100101    13  588562   316918
GTG  90301   6   010011    12  1083612   541806
TCG  184081   5   01010    9  1656729   920405
CGA  184246   5   01011    11  2026706   921230
AGT  45883   7   0110000    11  504713   321181
ACT  47850   7   0110001    13  622050   334950
GAT  97445   6   011001    12  1169340   584670
CAC  97923   6   011010    12  1175076   587538
GAG  99120   6   011011    14  1387680   594720
ATC  99714   6   011100    12  1196568   598284
TTC  99773   6   011101    14  1396822   598638
CGT  100093   6   011110    14  1401302   600558
TGT  50519   7   0111110    17  858823   353633
ATA  22317   8   01111110    20  446340   178536
ATT  28456   8   01111111    22  626032   227648
GAA  101457   6   100000    8  811656   608742
GGA  103834   6   100001    10  1038340   623004
ACG  104187   6   100010    10  1041870   625122
CTC  104988   6   100011    12  1259856   629928
TCC  106494   6   100100    10  1064940   638964
ACA  54088   7   1001010    13  703144   378616
TCT  54951   7   1001011    15  824265   384657
GGG  109809   6   100110    12  1317708   658854
AGA  55478   7   1001110    15  832170   388346
AAT  29109   8   10011110    18  523962   232872
CTA  29780   8   10011111    20  595600   238240
GTC  114868   6   101000    10  1148680   689208
GAC  117213   6   101001    12  1406556   703278
CGG  234765   5   10101    11  2582415   1173825
CCG  237902   5   10110    11  2616922   1189510
CCC  117905   6   101110    14  1650670   707430
GGT  124229   6   101111    16  1987664   745374
TAG  29822   8   11000000    12  357864   238576
TTT  32015   8   11000001    14  448210   256120
TTG  65842   7   1100001    13  855946   460894
ACC  130560   6   110001    12  1566720   783360
AGG  132182   6   110010    12  1586184   793092
CCT  136396   6   110011    14  1909544   818376
GGC  279473   5   11010    11  3074203   1397365
CAA  69095   7   1101100    15  1036425   483665
GTT  70955   7   1101101    17  1206235   496685
TGG  140589   6   110111    16  2249424   843534
GCC  286289   5   11100    11  3149179   1431445
GCG  289808   5   11101    13  3767504   1449040
TGA  71677   7   1111000    15  1075155   501739
TCA  73817   7   1111001    17  1254889   516719
TGC  145912   6   111101    16  2334592   875472
GCT  147117   6   111110    16  2353872   882702
CCA  149044   6   111111    18  2682792   894264
Total Cost=80766360  Total No of Bits=39092450