Symbol Frequency	Code-length	Code	Cost	Total_cost	Total_Bits
TTG  133946   5   00000    5  669730   669730
CAG  67141   6   000010    8  537128   402846
AGG  67882   6   000011    10  678820   407292
GGC  34057   7   0001000    9  306513   238399
CGC  34323   7   0001001    11  377553   240261
GCT  70753   6   000101    10  707530   424518
CTA  72220   6   000110    10  722200   433320
TGC  76951   6   000111    12  923412   461706
AAA  295516   4   0010    6  1773096   1182064
AAG  151618   5   00110    9  1364562   758090
AGC  77046   6   001110    12  924552   462276
GTC  37558   7   0011110    15  563370   262906
GAC  39765   7   0011111    17  676005   278355
ACT  80362   6   010000    8  642896   482172
TGG  80757   6   010001    10  807570   484542
GCA  81230   6   010010    10  812300   487380
GGG  40583   7   0100110    13  527579   284081
GCG  41000   7   0100111    15  615000   287000
GAA  170586   5   01010    9  1535274   852930
GGA  84882   6   010110    12  1018584   509292
TAG  87602   6   010111    14  1226428   525612
ATA  180657   5   01100    9  1625913   903285
TAA  182008   5   01101    11  2002088   910040
TAT  187508   5   01110    11  2062588   937540
CTC  45243   7   0111100    15  678645   316701
CCT  48097   7   0111101    17  817649   336679
TCT  95470   6   011111    16  1527520   572820
TTA  191276   5   10000    7  1338932   956380
ATC  97595   6   100010    10  975950   585570
AGT  98057   6   100011    12  1176684   588342
TAC  100242   6   100100    10  1002420   601452
CAC  50310   7   1001010    13  654030   352170
ACC  50896   7   1001011    15  763440   356272
TCA  102151   6   100110    12  1225812   612906
ACA  107939   6   100111    14  1511146   647634
AAC  108890   6   101000    10  1088900   653340
TCG  54154   7   1010010    13  704002   379078
CCC  25606   8   10100110    16  409696   204848
GCC  29394   8   10100111    18  529092   235152
AAT  220055   5   10101    11  2420605   1100275
CAT  110002   6   101100    12  1320024   660012
TGT  110625   6   101101    14  1548750   663750
ATT  222718   5   10111    13  2895334   1113590
GTA  113207   6   110000    10  1132070   679242
GAT  114787   6   110001    12  1377444   688722
CGA  58063   7   1100100    13  754819   406441
CTG  58166   7   1100101    15  872490   407162
GTT  117094   6   110011    14  1639316   702564
TGA  118817   6   110100    12  1425804   712902
CTT  119053   6   110101    14  1666742   714318
CGT  59377   7   1101100    15  890655   415639
ACG  60009   7   1101101    17  1020153   420063
TCC  62265   7   1101110    17  1058505   435855
GGT  63456   7   1101111    19  1205664   444192
GTG  63656   7   1110000    13  827528   445592
CCA  64102   7   1110001    15  961530   448714
CAA  127969   6   111001    14  1791566   767814
AGA  128802   6   111010    14  1803228   772812
CCG  30356   8   11101100    18  546408   242848
CGG  33756   8   11101101    20  675120   270048
GAG  65426   7   1110111    19  1243094   457982
ATG  131382   6   111100    14  1839348   788292
TTC  133644   6   111101    16  2138304   801864
TTT  266781   5   11111    15  4001715   1333905
Total Cost=74560825  Total No of Bits=36179579