Symbol Frequency	Code-length	Code	Cost	Total_cost	Total_Bits
TCC  69455   6   000000    6  416730   416730
CGG  33022   7   0000010    9  297198   231154
GGG  36568   7   0000011    11  402248   255976
CCA  70067   6   000010    8  560536   420402
GCT  73092   6   000011    10  730920   438552
AAG  143888   5   00010    7  1007216   719440
TTC  145108   5   00011    9  1305972   725540
AAA  293118   4   0010    6  1758708   1172472
CGC  36907   7   0011000    11  405977   258349
GTC  38455   7   0011001    13  499915   269185
AGC  75863   6   001101    12  910356   455178
TGG  76302   6   001110    12  915624   457812
CTA  78059   6   001111    14  1092826   468354
TGC  78545   6   010000    8  628360   471270
GCG  39160   7   0100010    11  430760   274120
GAC  39627   7   0100011    13  515151   277389
GGA  79171   6   010010    10  791710   475026
GCA  80885   6   010011    12  970620   485310
GAA  162176   5   01010    9  1459584   810880
TAG  83404   6   010110    12  1000848   500424
ACT  86679   6   010111    14  1213506   520074
ATA  185605   5   01100    9  1670445   928025
TAT  186720   5   01101    11  2053920   933600
TAA  187820   5   01110    11  2066020   939100
TTA  189340   5   01111    13  2461420   946700
AGT  93421   6   100000    8  747368   560526
ATC  103982   6   100001    10  1039820   623892
TAC  105258   6   100010    10  1052580   631548
TCT  106333   6   100011    12  1275996   637998
CTC  51878   7   1001000    11  570658   363146
CCT  54525   7   1001001    13  708825   381675
TCA  108072   6   100101    12  1296864   648432
TGT  109946   6   100110    12  1319352   659676
GTA  110198   6   100111    14  1542772   661188
GAT  110392   6   101000    10  1103920   662352
CAC  55358   7   1010010    13  719654   387506
TCG  55563   7   1010011    15  833445   388941
ATT  223239   5   10101    11  2455629   1116195
ACA  110990   6   101100    12  1331880   665940
ACC  55621   7   1011010    15  834315   389347
CGA  57589   7   1011011    17  979013   403123
AAT  224288   5   10111    13  2915744   1121440
AAC  113792   6   110000    10  1137920   682752
GTT  114470   6   110001    12  1373640   686820
TGA  115014   6   110010    12  1380168   690084
CAT  117560   6   110011    14  1645840   705360
CGT  59622   7   1101000    13  775086   417354
GTG  59719   7   1101001    15  895785   418033
GAG  59845   7   1101010    15  897675   418915
GGT  59853   7   1101011    17  1017501   418971
AGA  120267   6   110110    14  1683738   721602
ACG  60745   7   1101110    17  1032665   425215
CTG  61335   7   1101111    19  1165365   429345
CCC  30497   8   11100000    14  426958   243976
GCC  31188   8   11100001    16  499008   249504
AGG  62710   7   1110001    15  940650   438970
ATG  126134   6   111001    14  1765876   756804
CTT  129357   6   111010    14  1810998   776142
CCG  31672   8   11101100    18  570096   253376
GGC  33010   8   11101101    20  660200   264080
CAG  65124   7   1110111    19  1237356   455868
CAA  131972   6   111100    14  1847608   791832
TTG  132619   6   111101    16  2121904   795714
TTT  276266   5   11111    15  4143990   1381330
Total Cost=75324432  Total No of Bits=36576034