Symbol Frequency	Code-length	Code	Cost	Total_cost	Total_Bits
GTC  288029   6   000000    6  1728174   1728174
GAC  290201   6   000001    8  2321608   1741206
AAG  579958   5   00001    7  4059706   2899790
GCC  294700   6   000100    8  2357600   1768200
GGC  294978   6   000101    10  2949780   1769868
GTA  302699   6   000110    10  3026990   1816194
TAC  304807   6   000111    12  3657684   1828842
TGT  608770   5   00100    7  4261390   3043850
ACA  620319   5   00101    9  5582871   3101595
GGT  320642   6   001100    10  3206420   1923852
ACC  323937   6   001101    12  3887244   1943622
AGA  665648   5   00111    11  7322128   3328240
TCT  666741   5   01000    7  4667187   3333705
GAT  351886   6   010010    10  3518860   2111316
ATC  355852   6   010011    12  4270224   2135112
TAG  360432   6   010100    10  3604320   2162592
CTA  365259   6   010101    12  4383108   2191554
CCC  370626   6   010110    12  4447512   2223756
GGG  371464   6   010111    14  5200496   2228784
TGC  382810   6   011000    10  3828100   2296860
GCA  385013   6   011001    12  4620156   2310078
GTT  400663   6   011010    12  4807956   2403978
GCT  401975   6   011011    14  5627650   2411850
AGC  403801   6   011100    12  4845612   2422806
AAC  407989   6   011101    14  5711846   2447934
TTT  850811   5   01111    13  11060543   4254055
AAA  865687   5   10000    7  6059809   4328435
AGT  437861   6   100010    10  4378610   2627166
ACT  441106   6   100011    12  5293272   2646636
GTG  443531   6   100100    10  4435310   2661186
TCC  445314   6   100101    12  5343768   2671884
GGA  445798   6   100110    12  5349576   2674788
CAC  450614   6   100111    14  6308596   2703684
TTG  485389   6   101000    10  4853890   2912334
GCG  52506   9   101001000    15  787590   472554
CGC  52605   9   101001001    17  894285   473445
TCG  58561   9   101001010    17  995537   527049
CGA  58908   9   101001011    19  1119252   530172
CCG  64907   9   101001100    17  1103419   584163
CGG  65061   9   101001101    19  1236159   585549
CGT  67649   9   101001110    19  1285331   608841
ACG  68249   9   101001111    21  1433229   614241
TTA  489909   6   101010    12  5878908   2939454
TAA  492496   6   101011    14  6894944   2954976
ATA  492806   6   101100    12  5913672   2956836
TAT  492938   6   101101    14  6901132   2957628
ATG  493110   6   101110    14  6903540   2958660
GAG  493888   6   101111    16  7902208   2963328
CAT  495088   6   110000    10  4950880   2970528
CTC  495090   6   110001    12  5941080   2970540
CAA  495403   6   110010    12  5944836   2972418
TGG  495565   6   110011    14  6937910   2973390
CCA  498691   6   110100    12  5984292   2992146
CCT  500353   6   110101    14  7004942   3002118
AGG  500792   6   110110    14  7011088   3004752
TGA  508229   6   110111    16  8131664   3049374
TCA  510907   6   111000    12  6130884   3065442
ATT  540705   6   111001    14  7569870   3244230
TTC  542552   6   111010    14  7595728   3255312
AAT  542561   6   111011    16  8680976   3255366
GAA  542609   6   111100    14  7596526   3255654
CTG  573344   6   111101    16  9173504   3440064
CAG  573824   6   111110    16  9181184   3442944
CTT  576482   6   111111    18  10376676   3458892
Total Cost=324439242  Total No of Bits=157533992