Symbol Frequency	Code-length	Code	Cost	Total_cost	Total_Bits
GCG  287090   4   0000    4  1148360   1148360
TGC  143276   5   00010    7  1002932   716380
AGC  144084   5   00011    9  1296756   720420
GCT  144732   5   00100    7  1013124   723660
AAG  72269   6   001010    10  722690   433614
CTT  72679   6   001011    12  872148   436074
CAT  75436   6   001100    10  754360   452616
ATG  75804   6   001101    12  909648   454824
CTG  172870   5   00111    11  1901570   864350
CAG  172970   5   01000    7  1210790   864850
GTA  42845   7   0100100    11  471295   299915
TAC  43011   7   0100101    13  559143   301077
ACT  44589   7   0100110    13  579657   312123
AGT  44967   7   0100111    15  674505   314769
CGA  179380   5   01010    9  1614420   896900
TCG  180027   5   01011    11  1980297   900135
CAC  90202   6   011000    10  902020   541212
GTG  90803   6   011001    12  1089636   544818
ATC  95263   6   011010    12  1143156   571578
GAT  95649   6   011011    14  1339086   573894
GAA  96818   6   011100    12  1161816   580908
TTC  97607   6   011101    14  1366498   585642
TAT  20734   8   01111000    16  331744   165872
AAT  26995   8   01111001    18  485910   215960
TGT  49905   7   0111101    17  848385   349335
ACG  98318   6   011111    16  1573088   589908
CTC  98857   6   100000    8  790856   593142
CGT  99306   6   100001    10  993060   595836
GAG  99546   6   100010    10  995460   597276
TCC  101959   6   100011    12  1223508   611754
GGA  102402   6   100100    10  1024020   614412
ACA  50161   7   1001010    13  652093   351127
AGA  52873   7   1001011    15  793095   370111
TCT  53141   7   1001100    13  690833   371987
ATT  27223   8   10011010    16  435568   217784
TAG  28190   8   10011011    18  507420   225520
CCC  109813   6   100111    14  1537382   658878
GGG  111351   6   101000    10  1113510   668106
GAC  112614   6   101001    12  1351368   675684
CCG  230761   5   10101    11  2538371   1153805
CGG  230943   5   10110    11  2540373   1154715
GTC  113072   6   101110    14  1583008   678432
CTA  28518   8   10111100    18  513324   228144
AAA  30577   8   10111101    20  611540   244616
CAA  63930   7   1011111    19  1214670   447510
ACC  123097   6   110000    10  1230970   738582
GGT  123851   6   110001    12  1486212   743106
CCT  130462   6   110010    12  1565544   782772
AGG  131051   6   110011    14  1834714   786306
TTG  64703   7   1101000    13  841139   452921
TCA  69672   7   1101001    15  1045080   487704
TTT  31471   8   11010100    16  503536   251768
TAA  8854   10   1101010100    20  177080   88540
TTA  8902   10   1101010101    22  195844   89020
ATA  20524   9   110101011    21  431004   184716
TGA  69972   7   1101011    17  1189524   489804
GCC  275985   5   11011    13  3587805   1379925
GGC  276768   5   11100    11  3044448   1383840
CCA  139817   6   111010    14  1957438   838902
TGG  141027   6   111011    16  2256432   846162
AAC  70338   7   1111000    15  1055070   492366
GTT  71309   7   1111001    17  1212253   499163
GCA  142888   6   111101    16  2286208   857328
CGC  286567   5   11111    15  4298505   1432835
Total Cost=78261299  Total No of Bits=37843793