Symbol Frequency	Code-length	Code	Cost	Total_cost	Total_Bits
CGC  342143   4   0000    4  1368572   1368572
GCG  343418   4   0001    6  2060508   1373672
TCT  84491   6   001000    8  675928   506946
AGT  41795   7   0010010    11  459745   292565
AAA  56040   7   0010011    13  728520   392280
AAG  98055   6   001010    10  980550   588330
CTT  98668   6   001011    12  1184016   592008
CAA  100590   6   001100    10  1005900   603540
TTG  100752   6   001101    12  1209024   604512
CCC  101727   6   001110    12  1220724   610362
GGG  103263   6   001111    14  1445682   619578
CAC  104160   6   010000    8  833280   624960
TGA  104817   6   010001    10  1048170   628902
GTG  105424   6   010010    10  1054240   632544
TCA  105526   6   010011    12  1266312   633156
ATG  112325   6   010100    10  1123250   673950
CAT  112796   6   010101    12  1353552   676776
ACC  113467   6   010110    12  1361604   680802
CCT  114335   6   010111    14  1600690   686010
GGT  114553   6   011000    10  1145530   687318
AGG  114620   6   011001    12  1375440   687720
TTT  56114   7   0110100    13  729482   392798
AAT  60518   7   0110101    15  907770   423626
TCC  116761   6   011011    14  1634654   700566
GAA  116893   6   011100    12  1402716   701358
GGA  117529   6   011101    14  1645406   705174
TTC  118040   6   011110    14  1652560   708240
CCA  121335   6   011111    16  1941360   728010
ATT  60931   7   1000000    9  548379   426517
TAG  30360   8   10000010    12  364320   242880
CTA  31159   8   10000011    14  436226   249272
TGG  122598   6   100001    10  1225980   735588
TCG  252668   5   10001    9  2274012   1263340
CGA  252898   5   10010    9  2276082   1264490
TGT  65978   7   1001100    13  857714   461846
ACA  66107   7   1001101    15  991605   462749
CTC  132155   6   100111    14  1850170   792930
CCG  264893   5   10100    9  2384037   1324465
CGG  266017   5   10101    11  2926187   1330085
GAG  132393   6   101100    12  1588716   794358
GTA  33379   8   10110100    16  534064   267032
ATA  33412   8   10110101    18  601416   267296
TAC  33895   8   10110110    18  610110   271160
TAT  34132   8   10110111    20  682640   273056
GCC  270335   5   10111    13  3514355   1351675
GGC  271154   5   11000    9  2440386   1355770
CAG  139924   6   110010    12  1679088   839544
CTG  140682   6   110011    14  1969548   844092
CGT  142239   6   110100    12  1706868   853434
ACG  142319   6   110101    14  1992466   853914
GTC  149034   6   110110    14  2086476   894204
GAC  149624   6   110111    16  2393984   897744
AAC  76008   7   1110000    13  988104   532056
TAA  17098   9   111000100    17  290666   153882
TTA  17535   9   111000101    19  333165   157815
ACT  41794   8   11100011    18  752292   334352
GAT  159439   6   111001    14  2232146   956634
GTT  76728   7   1110100    15  1150920   537096
AGA  83105   7   1110101    17  1412785   581735
ATC  160217   6   111011    16  2563472   961302
AGC  161212   6   111100    14  2256968   967272
GCT  162044   6   111101    16  2592704   972264
GCA  164502   6   111110    16  2632032   987012
TGC  165790   6   111111    18  2984220   994740
Total Cost=92539488  Total No of Bits=44977876