Symbol Frequency	Code-length	Code	Cost	Total_cost	Total_Bits
TTT  2637409   4   0000    4  10549636   10549636
CTC  673124   6   000100    8  5384992   4038744
GAG  673929   6   000101    10  6739290   4043574
TAG  687034   6   000110    10  6870340   4122204
CTA  692176   6   000111    12  8306112   4153056
AGC  733297   6   001000    8  5866376   4399782
GCT  733829   6   001001    10  7338290   4402974
GTA  747216   6   001010    10  7472160   4483296
TAC  747629   6   001011    12  8971548   4485774
CCA  756958   6   001100    10  7569580   4541748
TGG  757652   6   001101    12  9091824   4545912
TGT  1515838   5   00111    11  16674218   7579190
ACA  1519477   5   01000    7  10636339   7597385
GAT  809199   6   010010    10  8091990   4855194
ATC  810464   6   010011    12  9725568   4862784
ATA  1649820   5   01010    9  14848380   8249100
TAT  1655685   5   01011    11  18212535   8278425
TAA  1672839   5   01100    9  15055551   8364195
TTA  1673975   5   01101    11  18413725   8369875
TGC  846614   6   011100    12  10159368   5079684
GCA  846828   6   011101    14  11855592   5080968
GCC  423339   7   0111100    15  6350085   2963373
GGC  423490   7   0111101    17  7199330   2964430
CCC  430211   7   0111110    17  7313587   3011477
GGG  433106   7   0111111    19  8229014   3031742
AAT  1828315   5   10000    7  12798205   9141575
ATT  1830236   5   10001    9  16472124   9151180
CAC  925933   6   100100    10  9259330   5555598
GTG  926913   6   100101    12  11122956   5561478
CCG  217757   8   10011000    14  3048598   1742056
CGG  217895   8   10011001    16  3486320   1743160
CGA  247071   8   10011010    16  3953136   1976568
TCG  247966   8   10011011    18  4463388   1983728
AGT  963509   6   100111    14  13489126   5781054
ACT  965857   6   101000    10  9658570   5795142
CTT  990019   6   101001    12  11880228   5940114
AAG  992041   6   101010    12  11904492   5952246
CAG  1000529   6   101011    14  14007406   6003174
CTG  1000814   6   101100    12  12009768   6004884
TTC  1031367   6   101101    14  14439138   6188202
GAA  1034976   6   101110    14  14489664   6209856
TCT  1041946   6   101111    16  16671136   6251676
AGA  1042062   6   110000    10  10420620   6252372
GTT  1076414   6   110001    12  12916968   6458484
AAC  1084646   6   110010    12  13015752   6507876
GCG  262659   8   11001100    16  4202544   2101272
CGC  263255   8   11001101    18  4738590   2106040
GGT  560809   7   1100111    17  9533753   3925663
ACC  562688   7   1101000    13  7314944   3938816
ACG  281697   8   11010010    16  4507152   2253576
CGT  281858   8   11010011    18  5073444   2254864
GTC  571471   7   1101010    15  8572065   4000297
GAC  571511   7   1101011    17  9715687   4000577
TTG  1191327   6   110110    14  16678578   7147962
CAT  1192939   6   110111    16  19087024   7157634
TCA  1193325   6   111000    12  14319900   7159950
TGA  1194568   6   111001    14  16723952   7167408
ATG  1195618   6   111010    14  16738652   7173708
CAA  1197187   6   111011    16  19154992   7183122
TCC  603189   7   1111000    15  9047835   4222323
GGA  605913   7   1111001    17  10300521   4241391
CCT  614501   7   1111010    17  10446517   4301507
AGG  614665   7   1111011    19  11678635   4302655
AAA  2631180   5   11111    15  39467700   13155900
Total Cost=703734840  Total No of Bits=342049610