Symbol Frequency	Code-length	Code	Cost	Total_cost	Total_Bits
TTG  127742   5   00000    5  638710   638710
TTC  133287   5   00001    7  933009   666435
GGC  32348   7   0001000    9  291132   226436
CGC  33270   7   0001001    11  365970   232890
GCT  67911   6   000101    10  679110   407466
CTA  69959   6   000110    10  699590   419754
AGC  73249   6   000111    12  878988   439494
AAA  284383   4   0010    6  1706298   1137532
AAG  145087   5   00110    9  1305783   725435
GTC  36307   7   0011100    13  471991   254149
GGG  37082   7   0011101    15  556230   259574
TGC  74406   6   001111    14  1041684   446436
TGG  75887   6   010000    8  607096   455322
GAC  38764   7   0100010    11  426404   271348
GCG  39236   7   0100011    13  510068   274652
GCA  78232   6   010010    10  782320   469392
ACT  78846   6   010011    12  946152   473076
GGA  79418   6   010100    10  794180   476508
TAG  80732   6   010101    12  968784   484392
GAA  163242   5   01011    11  1795662   816210
ATA  173068   5   01100    9  1557612   865340
TAA  175125   5   01101    11  1926375   875625
TAT  179493   5   01110    11  1974423   897465
TTA  182034   5   01111    13  2366442   910170
AGT  91839   6   100000    8  734712   551034
CTC  45904   7   1000010    11  504944   321328
CCT  47334   7   1000011    13  615342   331338
ATC  95371   6   100010    10  953710   572226
TCT  95815   6   100011    12  1149780   574890
TAC  97410   6   100100    10  974100   584460
CAC  49245   7   1001010    13  640185   344715
ACC  49593   7   1001011    15  743895   347151
TCA  100054   6   100110    12  1200648   600324
ACA  105542   6   100111    14  1477588   633252
AAT  210878   5   10100    9  1897902   1054390
TGT  106433   6   101010    12  1277196   638598
TCG  53216   7   1010110    15  798240   372512
CCC  25778   8   10101110    18  464004   206224
GCC  27894   8   10101111    20  557880   223152
ATT  214059   5   10110    11  2354649   1070295
AAC  106901   6   101110    14  1496614   641406
GTA  107698   6   101111    16  1723168   646188
GAT  108542   6   110000    10  1085420   651252
CAT  109178   6   110001    12  1310136   655068
GTT  111751   6   110010    12  1341012   670506
CGA  56470   7   1100110    15  847050   395290
CTG  56790   7   1100111    17  965430   397530
TGA  114213   6   110100    12  1370556   685278
CGT  58099   7   1101010    15  871485   406693
ACG  58338   7   1101011    17  991746   408366
CTT  117253   6   110110    14  1641542   703518
GGT  60199   7   1101110    17  1023383   421393
GTG  60814   7   1101111    19  1155466   425698
AGA  122466   6   111000    12  1469592   734796
CCG  29278   8   11100100    16  468448   234224
CGG  32229   8   11100101    18  580122   257832
TCC  61784   7   1110011    17  1050328   432488
CAA  124499   6   111010    14  1742986   746994
GAG  62019   7   1110110    17  1054323   434133
CCA  62659   7   1110111    19  1190521   438613
ATG  125593   6   111100    14  1758302   753558
CAG  63565   7   1111010    17  1080605   444955
AGG  63849   7   1111011    19  1213131   446943
TTT  258439   5   11111    15  3876585   1292195
Total Cost=71876739  Total No of Bits=34874617