Symbol Frequency	Code-length	Code	Cost	Total_cost	Total_Bits
CTG  1743292   5   00000    5  8716460   8716460
CAG  1746733   5   00001    7  12227131   8733665
TCT  1786914   5   00010    7  12508398   8934570
AGA  1786984   5   00011    9  16082856   8934920
TAC  901729   6   001000    8  7213832   5410374
ACG  215593   8   00100100    12  2587116   1724744
CGT  216080   8   00100101    14  3025120   1728640
CGG  247029   8   00100110    14  3458406   1976232
CCG  247459   8   00100111    16  3959344   1979672
ATT  1879279   5   00101    9  16913511   9396395
AAT  1879518   5   00110    9  16915662   9397590
GGT  985011   6   001110    12  11820132   5910066
ACC  985428   6   001111    14  13795992   5912568
TAG  1022143   6   010000    8  8177144   6132858
CTA  1026284   6   010001    10  10262840   6157704
GCC  1060922   6   010010    10  10609220   6365532
GGC  1061249   6   010011    12  12734988   6367494
GAT  1063807   6   010100    10  10638070   6382842
ATC  1066310   6   010101    12  12795720   6397860
CCC  1157068   6   010110    12  13884816   6942408
GGG  1157665   6   010111    14  16207310   6945990
GTT  1161572   6   011000    10  11615720   6969432
AAC  1164376   6   011001    12  13972512   6986256
GCT  1195826   6   011010    12  14349912   7174956
AGC  1198091   6   011011    14  16773274   7188546
TGC  1206340   6   011100    12  14476080   7238040
GCA  1209401   6   011101    14  16931614   7256406
GTG  1261748   6   011110    14  17664472   7570488
CAC  1266989   6   011111    16  20271824   7601934
AGT  1300895   6   100000    8  10407160   7805370
ACT  1304229   6   100001    10  13042290   7825374
GGA  1306034   6   100010    10  13060340   7836204
TCC  1307042   6   100011    12  15684504   7842252
GAG  1437231   6   100100    10  14372310   8623386
CTC  1439003   6   100101    12  17268036   8634018
ATG  1446552   6   100110    12  17358624   8679312
CAT  1450292   6   100111    14  20304088   8701752
TTT  2996694   5   10100    9  26970246   14983470
AAA  3005334   5   10101    11  33058674   15026670
TTG  1506932   6   101100    12  18083184   9041592
CAA  1513445   6   101101    14  21188230   9080670
TAT  1524526   6   101110    14  21343364   9147156
ATA  1526002   6   101111    16  24416032   9156012
CCT  1530943   6   110000    10  15309430   9185658
AGG  1531445   6   110001    12  18377340   9188670
GAA  1564608   6   110010    12  18775296   9387648
TTC  1567163   6   110011    14  21940282   9402978
TGA  1570793   6   110100    12  18849516   9424758
TGG  1573820   6   110101    14  22033480   9442920
CCA  1574990   6   110110    14  22049860   9449940
TCA  1575462   6   110111    16  25207392   9452772
TTA  1576088   6   111000    12  18913056   9456528
TAA  1577149   6   111001    14  22080086   9462894
GTC  789064   7   1110100    15  11835960   5523448
GAC  789762   7   1110101    17  13425954   5528334
TGT  1607571   6   111011    16  25721136   9645426
CTT  1609333   6   111100    14  22530662   9655998
AAG  1611308   6   111101    16  25780928   9667848
ACA  1617606   6   111110    16  25881696   9705636
CGA  191596   9   111111000    21  4023516   1724364
TCG  192122   9   111111001    23  4418806   1729098
GCG  214198   9   111111010    23  4926554   1927782
CGC  214667   9   111111011    25  5366675   1932003
GTA  897173   7   1111111    21  18840633   6280211
Total Cost=983434816  Total No of Bits=477992794